512
496.721256958713
452.563344206381
384.328063065906
299.275916145201
206.128422146876
113.885401068311
30.6318803051145
-37.4903320081219
-86.9973622246269
-117.363636850832
-130.870676682022
-132.035856641025
-126.716302718149
-121.031931112947
-120.278257659599
-128
-145.370645583966
-170.975053549076
-201.029180095291
-230.002815326488
-251.548241309477
-259.589616503850
-249.402042970520
-218.509667991878
-167.258795755746
-98.9708196811408
-19.6434215263030
62.7627558223114
139.351337118460
201.482312423154
241.953966930630
256
241.953966930631
201.482312423154
139.351337118461
62.7627558223116
-19.6434215263027
-98.9708196811406
-167.258795755746
-218.509667991878
-249.402042970520
-259.589616503850
-251.548241309477
-230.002815326488
-201.029180095291
-170.975053549076
-145.370645583966
-128
-120.278257659599
-121.031931112947
-126.716302718149
-132.035856641025
-130.870676682022
-117.363636850832
-86.9973622246269
-37.4903320081221
30.6318803051140
113.885401068311
206.128422146876
299.275916145200
384.328063065906
452.563344206381
496.721256958713
512
496.721256958713
452.563344206381
384.328063065906
299.275916145201
206.128422146876
113.885401068311
30.6318803051144
-37.4903320081218
-86.9973622246267
-117.363636850832
-130.870676682022
-132.035856641025
-126.716302718149
-121.031931112947
-120.278257659599
-128.000000000000
-145.370645583966
-170.975053549075
-201.029180095291
-230.002815326488
-251.548241309477
-259.589616503850
-249.402042970520
-218.509667991879
-167.258795755746
-98.9708196811410
-19.6434215263031
62.7627558223108
139.351337118460
201.482312423154
241.953966930631
256
241.953966930631
201.482312423155
139.351337118460
62.7627558223114
-19.6434215263025
-98.9708196811404
-167.258795755746
-218.509667991878
-249.402042970520
-259.589616503850
-251.548241309477
-230.002815326488
-201.029180095292
-170.975053549076
-145.370645583966
-128.000000000000
-120.278257659599
-121.031931112947
-126.716302718149
-132.035856641025
-130.870676682022
-117.363636850832
-86.9973622246273
-37.4903320081227
30.6318803051145
113.885401068310
206.128422146876
299.275916145200
384.328063065905
452.563344206381
496.721256958713
512
496.721256958713
452.563344206382
384.328063065906
299.275916145201
206.128422146877
113.885401068311
30.6318803051153
-37.4903320081221
-86.9973622246269
-117.363636850832
-130.870676682022
-132.035856641025
-126.716302718149
-121.031931112947
-120.278257659599
-128.000000000000
-145.370645583966
-170.975053549075
-201.029180095291
-230.002815326488
-251.548241309477
-259.589616503850
-249.402042970520
-218.509667991879
-167.258795755746
-98.9708196811412
-19.6434215263034
62.7627558223106
139.351337118459
201.482312423154
241.953966930630
256
241.953966930631
201.482312423155
139.351337118462
62.7627558223131
-19.6434215263008
-98.9708196811416
-167.258795755747
-218.509667991878
-249.402042970520
-259.589616503850
-251.548241309477
-230.002815326488
-201.029180095292
-170.975053549076
-145.370645583967
-128.000000000000
-120.278257659599
-121.031931112947
-126.716302718149
-132.035856641025
-130.870676682022
-117.363636850832
-86.9973622246274
-37.4903320081229
30.6318803051130
113.885401068309
206.128422146877
299.275916145201
384.328063065906
452.563344206381
496.721256958713
512
496.721256958713
452.563344206382
384.328063065907
299.275916145203
206.128422146878
113.885401068310
30.6318803051141
-37.4903320081220
-86.9973622246268
-117.363636850832
-130.870676682022
-132.035856641025
-126.716302718149
-121.031931112947
-120.278257659598
-128.000000000000
-145.370645583966
-170.975053549076
-201.029180095291
-230.002815326488
-251.548241309477
-259.589616503850
-249.402042970520
-218.509667991879
-167.258795755747
-98.9708196811427
-19.6434215263021
62.7627558223119
139.351337118460
201.482312423154
241.953966930630
256
241.953966930631
201.482312423155
139.351337118462
62.7627558223133
-19.6434215263007
-98.9708196811414
-167.258795755746
-218.509667991878
-249.402042970520
-259.589616503850
-251.548241309478
-230.002815326488
-201.029180095292
-170.975053549076
-145.370645583967
-128.000000000000
-120.278257659599
-121.031931112947
-126.716302718149
-132.035856641025
-130.870676682022
-117.363636850832
-86.9973622246275
-37.4903320081230
30.6318803051128
113.885401068308
206.128422146877
299.275916145201
384.328063065906
452.563344206381
496.721256958713
512
496.721256958713
452.563344206382
384.328063065907
299.275916145203
206.128422146879
113.885401068310
30.6318803051143
-37.4903320081219
-86.9973622246267
-117.363636850832
-130.870676682022
-132.035856641025
-126.716302718149
-121.031931112947
-120.278257659598
-128.000000000000
-145.370645583966
-170.975053549076
-201.029180095291
-230.002815326487
-251.548241309477
-259.589616503850
-249.402042970521
-218.509667991879
-167.258795755748
-98.9708196811429
-19.6434215263023
62.7627558223117
139.351337118460
201.482312423154
241.953966930630
256
241.953966930631
201.482312423155
139.351337118462
62.7627558223135
-19.6434215263004
-98.9708196811412
-167.258795755746
-218.509667991878
-249.402042970520
-259.589616503850
-251.548241309478
-230.002815326488
-201.029180095292
-170.975053549076
-145.370645583967
-128.000000000000
-120.278257659599
-121.031931112947
-126.716302718149
-132.035856641025
-130.870676682022
-117.363636850832
-86.9973622246276
-37.4903320081232
30.6318803051126
113.885401068308
206.128422146877
299.275916145201
384.328063065906
452.563344206381
496.721256958713
512
496.721256958713
452.563344206382
384.328063065908
299.275916145203
206.128422146879
113.885401068314
30.6318803051145
-37.4903320081196
-86.9973622246266
-117.363636850831
-130.870676682022
-132.035856641025
-126.716302718149
-121.031931112947
-120.278257659598
-128.000000000000
-145.370645583965
-170.975053549076
-201.029180095290
-230.002815326487
-251.548241309477
-259.589616503850
-249.402042970520
-218.509667991879
-167.258795755746
-98.9708196811431
-19.6434215263025
62.7627558223085
139.351337118460
201.482312423152
241.953966930630
256
241.953966930631
201.482312423153
139.351337118462
62.7627558223108
-19.6434215263002
-98.9708196811410
-167.258795755744
-218.509667991878
-249.402042970519
-259.589616503850
-251.548241309477
-230.002815326488
-201.029180095291
-170.975053549077
-145.370645583966
-128.000000000000
-120.278257659599
-121.031931112947
-126.716302718149
-132.035856641025
-130.870676682022
-117.363636850832
-86.9973622246277
-37.4903320081212
30.6318803051124
113.885401068311
206.128422146873
299.275916145201
384.328063065903
452.563344206381
496.721256958712
512
496.721256958712
452.563344206382
384.328063065905
299.275916145203
206.128422146876
113.885401068314
30.6318803051147
-37.4903320081194
-86.9973622246265
-117.363636850831
-130.870676682022
-132.035856641025
-126.716302718149
-121.031931112947
-120.278257659598
-128.000000000000
-145.370645583965
-170.975053549076
-201.029180095290
-230.002815326487
-251.548241309477
-259.589616503850
-249.402042970520
-218.509667991879
-167.258795755746
-98.9708196811433
-19.6434215263027
62.7627558223083
139.351337118460
201.482312423152
241.953966930630
256
241.953966930631
201.482312423153
139.351337118462
62.7627558223110
-19.6434215263000
-98.9708196811408
-167.258795755744
-218.509667991878
-249.402042970519
-259.589616503850
-251.548241309477
-230.002815326488
-201.029180095291
-170.975053549077
-145.370645583966
-128.000000000000
-120.278257659599
-121.031931112947
-126.716302718149
-132.035856641025
-130.870676682022
-117.363636850832
-86.9973622246278
-37.4903320081213
30.6318803051122
113.885401068311
206.128422146873
299.275916145201
384.328063065902
452.563344206380
496.721256958711
512
496.721256958712
452.563344206382
384.328063065905
299.275916145204
206.128422146876
113.885401068314
30.6318803051149
-37.4903320081193
-86.9973622246264
-117.363636850831
-130.870676682022
-132.035856641025
-126.716302718149
-121.031931112947
-120.278257659598
-128
-145.370645583965
-170.975053549076
-201.029180095290
-230.002815326487
-251.548241309477
-259.589616503850
-249.402042970520
-218.509667991879
-167.258795755746
-98.9708196811435
-19.6434215263029
62.7627558223081
139.351337118460
201.482312423151
241.953966930630
256
241.953966930631
201.482312423153
139.351337118462
62.7627558223112
-19.6434215262998
-98.9708196811407
-167.258795755744
-218.509667991878
-249.402042970519
-259.589616503850
-251.548241309477
-230.002815326488
-201.029180095291
-170.975053549077
-145.370645583966
-128.000000000000
-120.278257659599
-121.031931112947
-126.716302718149
-132.035856641025
-130.870676682022
-117.363636850832
-86.9973622246279
-37.4903320081215
30.6318803051120
113.885401068311
206.128422146872
299.275916145200
384.328063065902
452.563344206380
496.721256958711
512
496.721256958713
452.563344206383
384.328063065905
299.275916145204
206.128422146876
113.885401068314
30.6318803051151
-37.4903320081191
-86.9973622246263
-117.363636850831
-130.870676682022
-132.035856641025
-126.716302718149
-121.031931112947
-120.278257659598
-128.000000000000
-145.370645583965
-170.975053549075
-201.029180095290
-230.002815326487
-251.548241309476
-259.589616503850
-249.402042970520
-218.509667991879
-167.258795755746
-98.9708196811437
-19.6434215263031
62.7627558223079
139.351337118460
201.482312423151
241.953966930630
256
241.953966930631
201.482312423154
139.351337118463
62.7627558223114
-19.6434215262996
-98.9708196811405
-167.258795755743
-218.509667991878
-249.402042970519
-259.589616503850
-251.548241309477
-230.002815326488
-201.029180095291
-170.975053549077
-145.370645583966
-128.000000000001
-120.278257659599
-121.031931112947
-126.716302718149
-132.035856641025
-130.870676682022
-117.363636850832
-86.9973622246280
-37.4903320081216
30.6318803051118
113.885401068311
206.128422146872
299.275916145200
384.328063065902
452.563344206380
496.721256958711
512
496.721256958713
452.563344206383
384.328063065906
299.275916145204
206.128422146876
113.885401068315
30.6318803051153
-37.4903320081190
-86.9973622246262
-117.363636850831
-130.870676682022
-132.035856641025
-126.716302718149
-121.031931112947
-120.278257659598
-128.000000000000
-145.370645583965
-170.975053549075
-201.029180095290
-230.002815326487
-251.548241309476
-259.589616503850
-249.402042970520
-218.509667991879
-167.258795755746
-98.9708196811439
-19.6434215263033
62.7627558223077
139.351337118459
201.482312423151
241.953966930630
256
241.953966930631
201.482312423154
139.351337118463
62.7627558223116
-19.6434215262994
-98.9708196811403
-167.258795755743
-218.509667991877
-249.402042970519
-259.589616503850
-251.548241309477
-230.002815326488
-201.029180095291
-170.975053549077
-145.370645583966
-128.000000000001
-120.278257659599
-121.031931112947
-126.716302718149
-132.035856641025
-130.870676682022
-117.363636850832
-86.9973622246281
-37.4903320081218
30.6318803051116
113.885401068310
206.128422146872
299.275916145200
384.328063065902
452.563344206380
496.721256958711
512
496.721256958713
452.563344206383
384.328063065906
299.275916145204
206.128422146877
113.885401068315
30.6318803051154
-37.4903320081188
-86.9973622246261
-117.363636850831
-130.870676682022
-132.035856641025
-126.716302718149
-121.031931112947
-120.278257659598
-127.999999999999
-145.370645583967
-170.975053549075
-201.029180095290
-230.002815326485
-251.548241309478
-259.589616503850
-249.402042970522
-218.509667991877
-167.258795755746
-98.9708196811440
-19.6434215263095
62.7627558223134
139.351337118459
201.482312423151
241.953966930628
256
241.953966930631
201.482312423158
139.351337118458
62.7627558223117
-19.6434215262992
-98.9708196811347
-167.258795755748
-218.509667991877
-249.402042970519
-259.589616503850
-251.548241309477
-230.002815326489
-201.029180095293
-170.975053549075
-145.370645583966
-128.000000000001
-120.278257659599
-121.031931112947
-126.716302718149
-132.035856641024
-130.870676682023
-117.363636850832
-86.9973622246282
-37.4903320081262
30.6318803051170
113.885401068310
206.128422146872
299.275916145193
384.328063065907
452.563344206380
496.721256958711
512
496.721256958713
452.563344206383
384.328063065912
299.275916145198
206.128422146877
113.885401068315
30.6318803051212
-37.4903320081230
-86.9973622246260
-117.363636850831
-130.870676682022
-132.035856641025
-126.716302718149
-121.031931112947
-120.278257659599
-128.000000000000
-145.370645583965
-170.975053549073
-201.029180095292
-230.002815326487
-251.548241309476
-259.589616503850
-249.402042970520
-218.509667991880
-167.258795755751
-98.9708196811388
-19.6434215263037
62.7627558223073
139.351337118454
201.482312423155
241.953966930630
256
241.953966930629
201.482312423154
139.351337118463
62.7627558223178
-19.6434215263050
-98.9708196811399
-167.258795755743
-218.509667991874
-249.402042970520
-259.589616503850
-251.548241309478
-230.002815326487
-201.029180095291
-170.975053549077
-145.370645583968
-128.000000000000
-120.278257659599
-121.031931112947
-126.716302718148
-132.035856641025
-130.870676682022
-117.363636850833
-86.9973622246254
-37.4903320081221
30.6318803051112
113.885401068303
206.128422146878
299.275916145199
384.328063065901
452.563344206376
496.721256958713
512
496.721256958715
452.563344206379
384.328063065906
299.275916145205
206.128422146884
113.885401068309
30.6318803051158
-37.4903320081185
-86.9973622246231
-117.363636850832
-130.870676682022
-132.035856641025
-126.716302718149
-121.031931112947
-120.278257659598
-127.999999999999
-145.370645583966
-170.975053549075
-201.029180095290
-230.002815326485
-251.548241309477
-259.589616503850
-249.402042970522
-218.509667991877
-167.258795755747
-98.9708196811444
-19.6434215263099
62.7627558223130
139.351337118459
201.482312423151
241.953966930628
256
241.953966930631
201.482312423158
139.351337118458
62.7627558223122
-19.6434215262988
-98.9708196811343
-167.258795755747
-218.509667991877
-249.402042970519
-259.589616503850
-251.548241309477
-230.002815326489
-201.029180095294
-170.975053549075
-145.370645583966
-128.000000000001
-120.278257659599
-121.031931112947
-126.716302718149
-132.035856641024
-130.870676682023
-117.363636850832
-86.9973622246284
-37.4903320081265
30.6318803051166
113.885401068310
206.128422146871
299.275916145193
384.328063065907
452.563344206380
496.721256958711
512
496.721256958713
452.563344206383
384.328063065912
299.275916145199
206.128422146877
113.885401068315
30.6318803051216
-37.4903320081227
-86.9973622246258
-117.363636850831
-130.870676682022
-132.035856641025
-126.716302718149
-121.031931112947
-120.278257659599
-128.000000000000
-145.370645583965
-170.975053549073
-201.029180095292
-230.002815326487
-251.548241309476
-259.589616503850
-249.402042970520
-218.509667991880
-167.258795755751
-98.9708196811392
-19.6434215263041
62.7627558223069
139.351337118454
201.482312423154
241.953966930630
256
241.953966930630
201.482312423154
139.351337118463
62.7627558223182
-19.6434215263045
-98.9708196811396
-167.258795755743
-218.509667991874
-249.402042970520
-259.589616503850
-251.548241309479
-230.002815326487
-201.029180095291
-170.975053549077
-145.370645583968
-128.000000000000
-120.278257659599
-121.031931112947
-126.716302718148
-132.035856641025
-130.870676682022
-117.363636850834
-86.9973622246257
-37.4903320081224
30.6318803051109
113.885401068303
206.128422146878
299.275916145199
384.328063065901
452.563344206375
496.721256958713
512
496.721256958715
452.563344206379
384.328063065907
299.275916145205
206.128422146884
113.885401068309
30.6318803051162
-37.4903320081182
-86.9973622246229
-117.363636850832
-130.870676682022
-132.035856641025
-126.716302718149
-121.031931112947
-120.278257659598
-127.999999999999
-145.370645583966
-170.975053549075
-201.029180095289
-230.002815326485
-251.548241309477
-259.589616503850
-249.402042970522
-218.509667991877
-167.258795755747
-98.9708196811448
-19.6434215263103
62.7627558223126
139.351337118459
201.482312423151
241.953966930628
256
241.953966930632
201.482312423158
139.351337118459
62.7627558223126
-19.6434215262984
-98.9708196811339
-167.258795755747
-218.509667991877
-249.402042970519
-259.589616503850
-251.548241309477
-230.002815326489
-201.029180095294
-170.975053549075
-145.370645583966
-128.000000000001
-120.278257659599
-121.031931112947
-126.716302718149
-132.035856641024
-130.870676682023
-117.363636850832
-86.9973622246286
-37.4903320081268
30.6318803051162
113.885401068309
206.128422146871
299.275916145192
384.328063065907
452.563344206379
496.721256958711
512
496.721256958713
452.563344206384
384.328063065912
299.275916145199
206.128422146878
113.885401068316
30.6318803051219
-37.4903320081224
-86.9973622246257
-117.363636850830
-130.870676682022
-132.035856641025
-126.716302718149
-121.031931112947
-120.278257659599
-128.000000000000
-145.370645583965
-170.975053549073
-201.029180095291
-230.002815326487
-251.548241309476
-259.589616503850
-249.402042970520
-218.509667991880
-167.258795755751
-98.9708196811395
-19.6434215263045
62.7627558223065
139.351337118453
201.482312423154
241.953966930630
256
241.953966930630
201.482312423154
139.351337118464
62.7627558223186
-19.6434215263041
-98.9708196811392
-167.258795755742
-218.509667991874
-249.402042970520
-259.589616503850
-251.548241309479
-230.002815326487
-201.029180095292
-170.975053549077
-145.370645583968
-128.000000000000
-120.278257659599
-121.031931112947
-126.716302718148
-132.035856641025
-130.870676682022
-117.363636850834
-86.9973622246258
-37.4903320081227
30.6318803051105
113.885401068303
206.128422146877
299.275916145199
384.328063065901
452.563344206375
496.721256958713